8d70332c-b017-4b1a-a529-31f71f69d060	0.89112116	0.08710337	3	8
1a6f6288-778a-4c2d-bc9e-334be92f27ba	0.84230174	0.19076240	2	9
4610e2fa-f20e-4380-8a60-f471485d1230	0.83849338	0.18765916	3	7
d48f8815-67df-4bab-bd70-61df5987f788	0.86243141	0.08719242	2	6
dd817910-8b9d-4835-84a6-f10bb86e49aa	0.82684557	0.13802864	3	8
c957e9ff-1c13-41e5-839f-e1b87741a880	0.74453964	0.20578995	2	3
c1a29d36-62a9-4056-9965-4235d18a7a7d	0.78878836	0.21428692	3	7
570f2536-86e6-4453-8280-c7d8e5f956e5	0.84873397	0.09011450	3	6
86aa5c78-69c3-4c56-93ac-8acf3ee941f3	0.81770090	0.13985717	2	7
7b5fd806-f0c9-4083-9011-972cfec95f67	0.82426860	0.08828664	2	7
d84ff331-b697-4bdd-ac08-e51ac4e29a3c	0.79753087	0.16541671	3	5
63efbbe6-af94-4d26-a69f-c13b7c900e10	0.79396678	0.11526221	2	6
e8ca6a21-4ad1-47a5-bd4f-531538fa3c03	0.75908847	0.18916643	3	6
fbc0751d-b49e-4ac5-84a4-d998139a7dd0	0.75243032	0.19948434	2	6
6f9dfe53-a8ba-4a73-b0f9-f68a24086225	0.76187361	0.17336700	2	6
5696ca02-91dd-42ff-a8c2-bb5380e2b224	0.78704683	0.14610515	3	5
59421cec-f661-44c2-9fe8-64a8778fe6c9	0.79567939	0.16151340	2	6
c3d44c47-56fe-4794-94ec-dc4504d98508	0.72414855	0.17157694	2	7
631bccd6-370f-4c9e-a3fd-38eb6b8dfeab	0.70810444	0.23045120	3	4
817b522b-4858-4c8a-a0f8-2e201ec0d1ca	0.79365523	0.20151717	2	7
ec7e29b8-698b-4d5c-9078-9a17bcf92f9d	0.74902988	0.16779797	2	6
347e1858-b5e1-48d8-bc2d-37cc6d4c20fa	0.75063041	0.17923337	2	5
c1f87b27-5efc-4f6a-b5ec-0f5a9ea916ae	0.70712424	0.27669047	2	6
5b9f7e8c-3d83-4aa1-a166-0f04523efc1f	0.75662205	0.22233058	2	3
ace0d22d-334c-434f-9787-5ae08bdd4f7a	0.74059859	0.26120348	2	5
adab9f83-2f42-40f1-b312-6bdd4962b44c	0.71667502	0.15034056	2	5
f8ec6efb-05f0-4eb6-8258-5f122157bdd9	0.74053632	0.11567548	2	5
e7eed87d-5023-491b-b255-846474f444f9	0.79007819	0.20352262	2	6
210d228b-c7cf-43e7-9e9c-2f6d479e6709	0.71507767	0.27808850	2	3
38fab2ce-28fa-401b-b3df-86d0b1ad9253	0.78084582	0.23304813	2	5
52f3367c-b0f3-4217-b96e-8c5609c8f059	0.76243428	0.23787714	3	6
9facbd1b-7f26-4f96-8076-2a48819627a1	0.61301404	0.29572798	2	3
ecf2bba0-4cc1-4efd-9403-a1152050c32f	0.71540734	0.16756799	2	4
fdff38bc-61fb-4785-a7f3-3412b0a939e3	0.66246308	0.28084332	2	6
77a0e1bb-562a-4c8e-bd5a-26782cc9f977	0.74419932	0.20386770	2	4
887b85ec-81c8-4cc4-975b-2c704a36d518	0.73113536	0.18089533	2	5
cf92b3a3-2d7d-491d-b2d9-c2e764de8f61	0.63304912	0.24796904	2	6
cab86533-d8c0-4105-ae33-326bc8a90ebb	0.70276123	0.21004897	2	5
678469bc-893c-4ed2-b606-cf5efb4cce0b	0.65371582	0.28177001	2	5
03e30002-9980-43ff-868b-9ec250c4c4b9	0.70870605	0.16459452	2	5
12454086-b91a-424b-ab74-1c66eb4e801f	0.74479987	0.18640648	2	5
15cfd818-9921-43b7-99d0-87516420545e	0.73402865	0.15012588	2	5
80c61097-4f7c-4dd3-a842-ea40c8f961db	0.72979143	0.14893476	2	4
8f8eb82c-aa39-4a82-b38e-da89cb51d7f9	0.74251265	0.17018909	2	5
ceb668e2-94f4-4549-a1cf-567994964105	0.69280705	0.23353517	2	5
fd824ade-4c1e-461b-9248-77c813b29312	0.71015048	0.29141934	1	2
4066771b-8133-43e8-a076-bad046acd030	0.70784763	0.18454217	2	6
0904c279-a2c5-4f65-8583-748f42460498	0.69850276	0.20781326	2	5
0380dc9a-0033-4a0c-91ea-fe321bbd801c	0.74021897	0.19413575	2	4
c354ff38-45d3-4af0-bc82-e84544fa57ba	0.66955210	0.18077460	1	3
0f481ef6-ffe0-4b5b-8a2f-2b2bbfb8dae3	0.70307865	0.22140456	2	3
02589836-32b8-4805-89b7-7e25cafbfb8e	0.64852728	0.27591970	3	4
39539e21-10fe-4ced-9f75-1a84316e0e69	0.62961549	0.25719295	2	6
5eece9b0-1424-4665-b216-72c5ded5925e	0.70532149	0.10541841	2	5
afda8a68-67ba-4a47-b465-c06e4ff8ea90	0.73027334	0.20859491	2	4
126919a8-3aad-4e68-a798-dced660539d9	0.72127335	0.28006857	3	3
020ae547-2652-47e9-b993-25b20461f53f	0.73516584	0.10042828	2	4
956761d0-e8d6-4f5b-b0d3-72fb222c05bb	0.62654528	0.26567707	2	6
61d91ae3-7612-4997-9c6e-b4bc7b001f25	0.71352135	0.20088865	2	4
54b0d5ab-b90e-47a5-bc56-95141a1e96fe	0.69486608	0.13046159	2	4
ba01c49a-17c2-4496-97c5-b0939d71f6c9	0.72449407	0.19519155	2	6
760dfe4d-a0a9-44dc-9bf3-d0d6adf614b3	0.68291616	0.23076761	2	5
7a268ab1-eb85-4a06-832c-ac67ea00b0c9	0.68414690	0.13908108	2	4
bdd70ed2-d841-419e-92bc-61ab4a226f17	0.64845752	0.13822237	2	3
fd4afce1-a7e3-4b0a-ba67-d6fa4b220f32	0.65242035	0.22404714	2	4
398fab86-2266-4b27-8381-c5ee445e0b66	0.69914268	0.24735742	1	1
5119ce54-b903-4ba0-842a-93d631731654	0.74618350	0.23274047	3	5
e4726c05-4945-4512-8cf3-e58b0ec9ef2e	0.67423687	0.32563861	3	5
27ddb2a3-8004-4e9c-a409-0190901aa270	0.74942756	0.16353389	2	4
506b68f9-11ca-4e18-b626-8308071cfe56	0.61497119	0.19998840	1	2
4c256e3b-27ae-4bcd-b52a-14ea49a24789	0.66400781	0.17960675	2	4
fad66020-f449-45f3-be30-e5cc4182e1aa	0.65873981	0.21460981	2	4
c152cff6-f35b-463c-aff6-46f1e4607252	0.62790176	0.19849796	2	4
b0202168-26d6-4605-b66c-9e78f418a180	0.66830206	0.22963231	3	5
8273c213-f747-48bd-8c30-faeb0131d484	0.72339379	0.25629316	2	5
879cd333-1bc1-4867-9efb-4cfb037bb639	0.71541390	0.15288033	2	3
3bb7eed0-2b5f-471a-a5d8-7953e3eff734	0.60025786	0.22834453	2	3
88fd44fd-c24a-4a1f-a046-2deacf456cdf	0.60345098	0.20628204	2	4
1fa9d977-6449-4c04-9467-74696143ee6c	0.69737276	0.19450420	2	3
92af209f-4954-4297-a20a-df5b0d03f706	0.66451253	0.21561827	2	5
53feffcd-afab-4bd7-bb15-8b9cb9ccaf0f	0.59670757	0.26845344	2	3
6272f3c3-b218-40cd-87d1-e5689cc91117	0.64931254	0.21021229	2	5
d4383a62-c988-40b5-ac7f-3be1f5eda198	0.64142964	0.22912036	2	5
2704d4cc-87d3-457a-b217-3c60d42fe48f	0.70713627	0.21027809	2	5
c8000544-db14-4837-96f4-fe2899f99dd5	0.60799264	0.28595442	2	4
363f7b55-13a6-4aa6-93fe-fb187ea835ff	0.69564769	0.26299624	2	5
8722f13a-b5a0-4ba8-9954-67863ba3e907	0.71744015	0.17006212	2	5
e4847160-17b0-4ffb-97ac-9aff648e16f3	0.59576166	0.20156050	2	4
b02d70a0-01f3-4dcd-a979-114bc5c29dc3	0.65759647	0.22524441	2	4
c7f8ab5a-e12f-44eb-ab70-c24e446117a7	0.63060510	0.27012588	2	3
b58a2724-f794-44fe-969f-1c05a9b9cbe6	0.64297033	0.23341986	2	5
85fc0a48-12c9-4a3a-8f1b-504b3b88feb2	0.68075220	0.19084385	2	4
f966f474-9a1f-42af-b72a-6fb498578f6d	0.70369513	0.23573424	2	4
c04791dc-87c7-402d-8791-51286ba6a14b	0.64740077	0.21737844	2	4
905f54ce-252b-479f-a5c8-6a1af6651dff	0.64902716	0.19230257	2	3
97a18937-2226-48dc-8393-33a6e2aad1e5	0.62495298	0.13865623	2	4
32f79470-cca5-47a1-8cf3-16167e376552	0.62028769	0.26383550	2	4
12eccadd-d00c-442b-9757-c3cf51f5141f	0.67534850	0.22369803	2	4
d8d19021-c2f2-4804-a8c8-d8ed18cda003	0.61462852	0.18121097	2	5
58672bdd-7449-4ae6-88a3-f772cd623f27	0.69722485	0.17643587	2	5
a8700ad4-018c-4ffd-a0fb-abde187c05ee	0.68022419	0.27916299	2	5
5139915b-4d01-4b65-b845-31b5e7ea27f5	0.60799449	0.21766389	1	2
ca97a819-6be8-4c5c-96c4-402c0940ca55	0.71245166	0.27843370	2	3
cb7f0eed-6ab9-495a-8efe-18c56945fdf4	0.63239258	0.20630748	1	3
243423d2-acc6-4f77-b01c-72b5fdadbf6d	0.64892371	0.16847454	2	3
9cf36132-794a-4bba-830e-2b263bb02a35	0.62042818	0.23495179	1	2
5425355d-ce98-4f14-9854-63ba4449f8fa	0.54487314	0.20442343	1	1
56a8f672-de4d-4ab5-ac99-02415915fbce	0.54609706	0.19182828	2	4
e5e585d0-b084-4826-88c9-1c7392e0a337	0.56999764	0.24163102	2	4
3a13e8ef-4fac-46c5-af8d-d0d6facf0644	0.62495470	0.26577589	2	5
5444cef3-4237-488c-bc20-516d319a1979	0.64465744	0.24387540	2	3
644caabd-5164-455e-be92-c89f05fd93ef	0.67994618	0.18717538	2	3
e033867a-0392-47ef-9116-596107c75825	0.61974528	0.18115968	2	3
356af1c4-a20a-4230-a53a-14a0d1f8ea68	0.63446703	0.23108123	1	2
2c8cc3fa-c58e-471d-ae16-113af5937f90	0.61360578	0.26241652	2	3
b3cc4231-66fe-4836-9495-68f6afde1213	0.54592345	0.22325936	1	3
68e66328-3681-4647-88e7-a4a1e695bc8e	0.58755186	0.13825625	2	4
5e3e5e52-912a-4f59-abae-c39cb0f4337d	0.58904194	0.17198539	2	5
c56e13e1-41c3-47b7-bd9b-09cc30e52db9	0.65568722	0.21882509	2	4
fa8e91d0-15d4-499c-af0a-322c9eb6ac24	0.54532280	0.19341715	2	3
7eb3c6c2-0a9f-4b5c-a4aa-d11ca2f58e87	0.65390986	0.25403104	2	4
fd3645d6-0858-40bd-bcfe-ba32cb0bfe32	0.60603939	0.22230641	1	3
dddde183-4913-47f2-8df3-1ce36cf2567e	0.54623915	0.18346535	2	4
cac318f4-f44c-4120-82ff-713ecffc426f	0.63117620	0.22208966	2	5
b07e7b21-ea4d-4c74-b479-b4a2902fdefe	0.59293411	0.27319848	2	3
f51e6230-a5b6-4312-ac40-9b33d60aad0f	0.65702527	0.21749074	2	4
98449348-10f3-4380-b8f0-cace6f45fd13	0.63856519	0.18448472	2	3
0cff7bd0-b60b-491c-a74c-e93e9d378540	0.55037603	0.23243533	2	3
fe0f8807-ca61-4bc7-9d8c-6f81beabc387	0.59810101	0.26354411	2	3
9a0a1f31-5d2a-460f-a78b-43807c0f57b9	0.77296726	0.16961850	2	4
f493b9c9-48e6-428c-9a94-b33a32d0ce87	0.61058787	0.20591304	2	3
84c559b1-c58d-4c20-aaf8-da7d4b825ae5	0.62700916	0.28106565	2	4
73dcfe21-3203-4d1f-98fa-955581485b0c	0.64961651	0.29749276	2	5
ce966f06-819c-4152-b1ba-b00b8c8d1411	0.58538344	0.24806701	2	3
42305d5c-b4bf-48be-bbf5-f13ab75e741d	0.59903882	0.18740698	1	3
d793502e-73e5-48dc-8a3b-b38f5ba8111e	0.58195624	0.21754884	1	2
26b060be-be95-4396-b2b2-16d6392f5c7f	0.59885467	0.25210594	2	4
2f555a79-fb1e-4abe-b1a1-171ae52eb2b5	0.55939640	0.30814017	2	4
6d33870e-ea42-445e-8d52-b4375a80bca6	0.60468232	0.28031078	1	3
ddc678ca-d094-42d7-9f56-024fd2e5cc7d	0.63295378	0.34172536	2	4
042a416c-64cd-4978-ad57-388a28c4aa5f	0.58635045	0.22557074	2	3
cb0e3421-305e-432c-b639-64c5bae6b80f	0.58961165	0.18808754	2	4
958ee970-443a-448f-8eaf-e24cd483c92d	0.54823078	0.17940787	2	4
01cf4ea5-c596-4eb3-ac21-274ac8629a54	0.62987250	0.16047553	1	3
4a80c687-b318-4865-8b00-a6986acb82f2	0.52356159	0.31417368	1	2
44e15771-9e2b-400f-b340-8b14d5767245	0.62676535	0.31027329	2	5
fa227e1e-e52d-4e36-a07b-62cce35ece25	0.44528281	0.33530894	1	1
fa7702a9-0d2f-4ea6-b433-28c2f5280882	0.61413496	0.24956575	2	3
20f82df1-036f-419d-afee-7741bf99feb1	0.60245095	0.27358736	2	5
a809dc65-5679-4ecd-961c-6aa25bfb3e19	0.56712181	0.25101077	1	3
989e7378-3575-4eb8-8ff7-14aab5ccffba	0.59905393	0.26135539	1	3
0e3d1704-ed4a-4360-ad42-e24289eff461	0.64499975	0.23278656	1	3
931b7d8d-ef74-4da6-8e90-800e6ef1559c	0.75906462	0.17630642	2	5
52f3f4e6-a924-496c-ba5a-9c3c583f3672	0.54352603	0.23182825	2	3
6c7ba593-2880-4528-916e-46810f156792	0.60581773	0.19493192	1	2
cbc7faff-d91a-4d13-ad94-d46072b155bd	0.52841866	0.26981535	1	2
fc746d06-d31e-47cb-b253-cb7351a37bca	0.47539697	0.25295537	2	3
7df5e036-b9be-4bc9-b8f4-129f63c2f13c	0.58863549	0.22092534	1	2
142d274a-07f9-4de8-a4e9-f19aa4731db5	0.64835560	0.19580057	1	3
07c05c78-4e8c-4516-8dae-6aa3502b90f9	0.59156472	0.30338708	1	2
7ca23482-757c-42a8-b3c8-ab3391d28f12	0.66100724	0.27289026	2	2
c654acd5-3ca8-4f0c-840e-ec1d2ea32bf1	0.54689499	0.26389599	2	3
38d436bb-c867-4c81-8711-42899f9c368c	0.58441215	0.22120377	1	3
cdcdd144-97a8-4114-b675-4d1aaf64b492	0.57118646	0.19838716	1	3
1a4697ae-406b-4d06-b179-ea232d2c3646	0.59456935	0.13668157	2	3
b3b77f1c-51b7-44f6-ab89-c40802bde4df	0.58826141	0.22529108	2	3
e1887321-cc37-4a3f-b476-87301708e6c0	0.59168592	0.26462052	2	3
3241222f-a747-4850-9286-c5b2d9da5d20	0.58143679	0.30007624	1	3
79d75846-736f-45bf-b413-54993ece4177	0.57329982	0.17002806	2	3
69d6b088-407f-44af-aae4-243f6a169084	0.63196656	0.20162182	2	3
0b85bed7-5152-41d1-9942-07817f5889b9	0.62505284	0.24040269	1	2
0566f300-63a7-4e85-b1d0-4be52190946e	0.44637289	0.32916243	1	3
459fbdbb-2598-4032-93fc-73c36ee97d38	0.63561917	0.27049618	1	2
eaee0e72-da58-4ed0-bade-353c1d4447ef	0.54342124	0.21625975	1	3
8c666c87-dd6d-48f5-a8d7-b2d57788c0c4	0.74659181	0.19900910	3	4
210142aa-9627-4639-8f86-8f118e0dcec1	0.47021296	0.24177795	2	3
01a0f69c-f1e2-42d6-a97b-269115e62050	0.59208535	0.23727320	1	3
0d5ffc88-8489-420d-a51e-b876b9c6dfb8	0.49454331	0.20885026	2	3
23f86690-b641-4302-81ad-b39ed707de60	0.57737946	0.23172592	2	4
4e611f7b-e122-4d27-bcc1-552de4d7a959	0.66111100	0.22044456	1	3
ac987f70-307d-413a-ad74-87df4e933743	0.59145023	0.25336075	1	3
c391ad38-217d-4981-ba0e-d40305c245c7	0.58069960	0.23562251	2	4
d4bb008a-dcbb-45cd-8c1a-88a4e47dfb6c	0.54432227	0.14719807	1	3
e3cd70f7-3a5a-4b36-8b1d-48a2e293f21c	0.50589955	0.25807349	1	2
ebe3bbcd-6e12-45e6-8a82-e1fba5579391	0.52440249	0.21345022	1	2
434db683-79d6-4206-9132-21349adbc68c	0.50226305	0.23694577	1	2
91841336-129d-4d5e-9c56-2c314173526d	0.56243166	0.28250011	2	3
01bc562a-3f96-4234-b2ea-e0baa31707de	0.56478392	0.25682564	2	3
4c6a1981-1f04-4c2f-8b0c-a2ec600cb5c1	0.64904571	0.21645000	1	3
820d4f58-ba0b-41ad-bd1d-3680519493b0	0.49619295	0.25875925	2	3
c19fcb5f-886f-4562-8714-f4409f4ed249	0.54112705	0.25157980	2	3
7f1c2a35-4a72-42eb-a0ce-85ec277362ce	0.47723279	0.24327121	2	4
19f9d6b7-6629-4275-b2ce-58d020b21128	0.52637267	0.23128762	1	3
d62d275a-5b09-4031-b726-ea378090a179	0.69168232	0.26480776	2	3
9f3fafdf-caca-4f56-8903-1147d0068a3b	0.60776512	0.21013797	1	2
c49a61b2-48e3-4554-a54b-3201bf89cfc5	0.53071509	0.33846744	1	3
8feea67b-67f3-4a8a-8c07-e0001507665e	0.57866156	0.31431205	2	3
12c60d66-a2a9-4be6-a374-444126af4ef3	0.46560665	0.27721185	2	3
7bf15d65-32c3-4dcf-89d8-37ea3fa09f35	0.59331015	0.23822194	2	3
40d522dd-80bb-4580-afdf-fa5c2505bda2	0.56545492	0.31911358	2	3
2ad7b046-b097-4130-9d52-07d8ad3b7d74	0.56926266	0.14616744	1	3
773db810-d905-473e-8302-dae9df2d4d04	0.48871763	0.37514476	1	3
fc100ae7-b967-4ee5-8563-a0e2f2b9361d	0.53511274	0.15907471	1	2
b34a8dfe-3e58-46aa-bbbd-c396b56dd97f	0.50817566	0.24891080	1	3
56c71e4a-a630-4a04-a218-61772e0521e9	0.66483004	0.27114654	2	3
85664715-b7ff-4286-98fc-e48dcb6ffd18	0.54296316	0.29049065	1	3
adddfa56-40ca-4a2c-9876-b02dcdce2024	0.65913512	0.26973817	2	3
a7269a03-2ae8-4b76-a863-8d54826c0af0	0.60960893	0.26758605	2	1
319bc730-db00-44b8-8606-c5e361c2b979	0.58743384	0.25434114	1	3
4d671829-4110-4586-9c6d-163085da1d09	0.63176729	0.24052853	1	3
bab372ed-5272-4f6f-a1eb-b79fd6da456a	0.58600936	0.17019746	1	3
b9600de5-a609-48dc-aaf8-cad28de81b94	0.51120290	0.26219682	1	2
5ceed4be-b0a3-4d35-a3c4-01fcbce6e852	0.47425673	0.26914650	1	2
98fb95a8-0269-40fe-b5a8-337112c254ed	0.53236305	0.31602474	1	2
5ff55b39-13bc-41bf-ad8d-7c576641e46d	0.56782200	0.25782795	2	5
3128c966-51a4-4060-90cb-5870a7381364	0.56535180	0.18567417	2	4
54b7fc67-6743-4352-8d34-5b7bd523fd11	0.54588720	0.21097787	1	3
4a0ae4e8-6799-4ddf-8e75-fc2d29bbd20b	0.51875198	0.21425669	1	3
dc65e8bf-014d-44e2-a2e2-65f3c17b7ea2	0.46624988	0.27456211	1	2
8f5c86aa-91da-4f0b-9752-af0064ff7ecc	0.49236632	0.29719730	1	3
1262b0d7-b9f3-4ef8-a605-7d4583993bef	0.50975275	0.28240242	1	2
8fdcbbc9-7813-4949-8a34-f01edf92b946	0.48566415	0.21506263	1	2
b3b72578-81a6-4dfb-8133-860bc4da6023	0.49341229	0.31878840	1	2
e4f6671b-9dc9-4b0a-91ea-ef9363bb17be	0.44984512	0.27140635	1	3
0bcfec09-18e4-4d23-8962-eb6aada0fd58	0.48540912	0.23391363	2	3
4e41dc9f-2e5a-4d0d-881a-07466f45776b	0.59838519	0.29922915	1	3
e0119121-ccf2-4257-89da-200b9ab17437	0.63398763	0.29436948	1	2
42a6fa77-f26b-41e9-90fc-40eefee32210	0.71191639	0.25853121	2	4
c92db5c7-9005-4e81-9533-64d308a04f62	0.49371880	0.21417100	1	1
37eadc7b-3bf8-4e52-a027-a50455203428	0.58107285	0.26678564	2	3
904ce03d-6a52-44d7-a4b4-6a02507cd209	0.52651705	0.25578089	2	3
0292dcee-b8be-4fbb-93bf-ba0027e0a529	0.44970174	0.26643089	1	3
884a0931-ffe5-491f-bcc9-e2f596a9d228	0.47972748	0.24123975	1	2
f0795389-b322-45e8-bab1-a78d3b0682b8	0.54033343	0.29322308	1	3
b47e7ee1-af64-4305-90eb-ac1ce4c6a510	0.43235924	0.29490744	1	3
22463a11-2297-4acd-a1c9-1492fd0acb60	0.44664627	0.32146627	1	2
f79014e7-d245-4d35-af8d-b8478bb73c1f	0.56013920	0.27347183	2	3
e292590d-27d8-41a7-b5b1-d5db6d4ce74f	0.44536113	0.32561803	2	3
9ae74824-bf7c-478d-8ac8-b4a5f29122bc	0.48946712	0.26139622	1	2
93b72830-199b-4da3-9abf-4b3e6d3477cf	0.61916382	0.26648534	2	3
320eefb8-be53-41fc-bfaa-27f2e99c0be1	0.38039605	0.32521689	2	3
36bfdc5a-6241-467a-afd6-f27afa93b2eb	0.56569027	0.26069107	1	3
b5c74768-a772-4e98-8387-afff5ca1c261	0.53559216	0.28403724	1	3
3e9e41b7-e3a3-431b-8709-ceefe8d81a4c	0.58385903	0.32068810	2	4
6556a010-f244-4d8f-be59-41038d3d2d01	0.51999309	0.17465832	1	3
57528b30-bfcc-4f6f-b84e-71239d9b3d0c	0.58276918	0.23356801	1	3
e19ab3eb-6c46-4fbf-8879-c2e9d3669ec5	0.53061319	0.33614740	1	3
b2072afe-6a08-4d5c-828d-6754c16a68dc	0.45755808	0.33780800	1	3
acc7b380-38fe-430d-af36-af863658cc0e	0.56317748	0.17220052	1	2
e59c7151-2884-4edb-b968-b8fa30ad8077	0.54416091	0.32906843	1	2
955476d2-26f5-441b-aabb-82d4562ae867	0.47924835	0.27550369	1	2
9c42e616-f7cd-4dc8-9163-42eec83699aa	0.53350071	0.31133267	1	1
8a04ebdb-e4d5-4a49-af9d-562d61e1428e	0.52517536	0.20928291	1	3
6f77296c-a674-45ca-8358-1db90e3d725d	0.53943193	0.30131326	2	1
349b2dd3-93a0-4680-9887-19e3a6f77aa9	0.46782823	0.34611968	2	3
69625e7b-4f1f-448e-bdf3-428be2d19cab	0.47804222	0.22607733	2	3
9b36d193-3d61-4e90-ba45-6547eda85c5d	0.54395618	0.19301203	1	3
55206488-bd19-46a5-86e4-06a36407e5c3	0.49092326	0.24932666	2	3
8b15177a-dad3-45b4-85ae-7826b5985ad9	0.52583146	0.18928120	1	3
a8f85c7d-49ae-435a-9706-54cf4c334307	0.49643644	0.29482553	1	2
f013a905-91f4-47b6-add5-ee99abead537	0.49871052	0.33326851	1	2
37963079-60d7-4049-b335-afe78b9d725b	0.58919818	0.25553075	1	3
d2010f10-1c87-4687-a3d2-c86d4244872b	0.48315717	0.27008947	1	1
3909e9b9-c323-47a1-bf42-d1ea85be4089	0.48164768	0.21177741	1	3
bf7609e2-849a-4f94-9274-907ceade9803	0.58964197	0.20305987	1	3
33dcb3e5-c314-4a71-bb86-946b76b1012b	0.55211504	0.23798649	1	2
ff4314e3-1ea2-4880-9471-4aeedfea0402	0.53039360	0.25847026	1	3
3991ba80-df7a-41b6-8828-ea74b8b01991	0.73712244	0.18758970	2	3
c91c0955-31ee-439c-895c-a37ed676271e	0.51448814	0.21925439	1	2
c9fd4432-6515-44c3-b0dc-14a072a567ae	0.52437146	0.23698396	1	2
06ad16d9-50ac-4fc7-8dde-c320a68f872b	0.48191068	0.22390970	1	2
87a777f8-5744-4575-b33d-e6840489f12b	0.46670822	0.19621842	1	2
76bc04b7-288c-415e-89ae-662032dff7f0	0.53525611	0.29982378	1	2
5ab2f9cb-d304-4900-a8d4-ee22515ebe4e	0.52107292	0.26646621	1	1
ad3eaa4b-ba80-483c-a87a-d34a5c8ab7b4	0.44296891	0.30368406	1	2
030ee1e7-d979-4cbe-9eb1-7afa649789a9	0.71401480	0.23681594	2	3
0cede717-783b-48a8-b51d-307cbf7ea5f4	0.55515515	0.28573012	1	3
c8998dbd-9506-45ac-9fa2-449eb1ff709b	0.48615291	0.25845589	1	2
6cd5ff09-dd4c-49fb-93a4-b60568800e46	0.45811079	0.30665109	1	3
a2bf3ac3-12f3-4645-890c-f919f8f1f47f	0.43828299	0.22430520	1	3
7018439b-e94e-4e63-9ad1-6d711be8fba5	0.53979564	0.26326466	1	1
c8904326-5e57-4ead-8f0c-77ae33fb3a38	0.47641883	0.27880574	1	3
33bce034-0537-4c1c-a3ae-8c60c3f66707	0.53254714	0.29487460	1	3
5341a2cf-6741-4101-aa7e-0dbf532800f5	0.44245210	0.26876427	1	2
7db93b5d-3c35-4d09-ac1c-8894d7b01b66	0.47430491	0.27757255	1	2
5891f709-eb76-43ae-95bc-c0bf192510a0	0.42130429	0.22373882	1	2
c65552bb-be76-4787-9dbd-66a2ebb6584e	0.40592659	0.24861977	1	3
29f2daac-0399-4534-8bf5-037a6eb52d0d	0.49553837	0.18035227	1	3
3bbb13f3-b2cd-42bd-b125-db85505b9f19	0.52035411	0.22883696	1	2
89b0c8f4-33d5-477f-b54f-ee5b17073782	0.40703414	0.24930521	1	2
2295b6f7-c2d7-434b-baee-51d3dc648462	0.56696445	0.25368836	1	2
f0f712fd-f28f-4528-ae55-5c8e683f69aa	0.50736501	0.20390643	1	1
7993b578-5696-44ad-a28a-dbc84aac5bef	0.49434785	0.21021281	1	2
c29a32fc-f593-4f2b-a790-c187748cee3a	0.54523628	0.30580590	2	3
3c629347-40f2-409d-81e4-fbde1059473e	0.69130854	0.16036818	2	3
e808bbd9-9529-4b77-b212-95e8470bafd6	0.63484345	0.28626056	3	3
b00ef563-1181-4049-8e82-9a1b72cca887	0.59745071	0.31045041	2	2
79c34eee-369f-483a-85d2-f4c9a7908767	0.47770366	0.23083863	1	3
04a270fc-37bd-4199-8dba-14e3e6d2d178	0.50737069	0.19799543	2	3
9616598b-39f5-4ff6-82fa-8a4d53f9af42	0.45334578	0.31360729	1	3
0f91b11b-368e-45c3-984c-e80fdbb596df	0.49983745	0.31504861	1	2
359d1dd0-2199-48c6-83d5-2fedcfcdee60	0.58778443	0.21533815	1	2
5da9241a-fddf-45dc-af71-1c4e1c731e27	0.45689301	0.24974318	1	3
d8daaa2e-698e-488f-9c4a-c0cb339f9227	0.39519021	0.23325790	1	2
21a49474-bef5-479b-885f-b784ab5dfb66	0.48053198	0.28626065	2	4
e089a1ff-99b7-4f27-9e9b-864d204328ac	0.62553950	0.15949139	1	3
114abe19-e63b-45f2-9bfd-0973fcccb472	0.40581893	0.21366196	1	2
3b6b6f1e-b95d-4d1f-9957-1b0700080e88	0.53233575	0.31748686	1	2
30ecfe4e-f57f-40e6-b7bc-122adf838a36	0.54236074	0.22589970	1	3
0de592cd-5d55-48af-aec1-041b0a8b074f	0.52172675	0.23237106	1	2
f61c7bac-0bf6-443f-aa31-01f6b41d24b5	0.47744351	0.23880250	1	2
4a8c38b0-1d69-431e-881e-e271c25ba02a	0.49493811	0.27646270	1	3
92e3ac92-44ee-4736-8830-49c6bc556cc3	0.51697327	0.25361685	1	1
46781657-004a-4cc7-a650-807b1f2feeaf	0.47316317	0.34026140	2	2
3248b02d-392a-43df-8546-0ba3b9526605	0.46431174	0.18467619	1	2
6b2d4950-1241-41d1-bf11-f5173796c3af	0.68099659	0.20194355	2	4
2849a166-ad95-42e3-8ef1-3c16956ff5db	0.51380536	0.31278981	1	1
9a997d92-10e3-46d7-91ca-367920bf6478	0.47157015	0.22263958	1	2
72100b2f-9d17-42ef-98be-888228e0776a	0.66867116	0.06574290	1	2
d4a01392-b90c-4a1d-b04d-f41a2ab141d2	0.49469886	0.19073638	1	2
ae8192c6-7c18-412c-ac03-f3ed8a9b9fb7	0.47089121	0.20368498	1	3
7149d1d9-d34e-4af9-aed5-992f90c4bbd6	0.35905594	0.22263262	1	1
f57d8f21-d500-4042-83c5-14e335ae5172	0.41101048	0.28256703	1	3
584721e3-5aa2-4dde-8f07-0b09eed67bda	0.46698325	0.26289051	2	3
5e9b19aa-2d6b-41ff-9d6d-1ce5de23fe32	0.48764248	0.23777633	1	3
6dc51f8b-23ab-4605-b3f7-4b7b7a751b43	0.54877779	0.28596880	1	3
26f27491-7361-4f23-9bd9-662aaae9a262	0.48277523	0.19049968	1	1
ef97ced0-daf6-41f4-82fc-b02ebb28d69a	0.43049556	0.24006179	1	2
954f9af6-dc32-48bf-b799-8ef6222f4990	0.52719532	0.24684345	2	3
21156caf-4347-43fa-8959-2973b9e3fd1d	0.39443179	0.30233110	1	2
d8cb8a2e-e91a-4b9f-a4ef-ab839c070203	0.41905185	0.29210954	1	2
afe75934-ec0c-46e4-8583-b53091b106a2	0.40355881	0.30926618	1	2
97bd4dcb-ebdb-4335-a338-b2f4c014dc4f	0.55781165	0.32630579	1	2
b217a2da-598a-440a-80a1-69419a47d815	0.51053003	0.19876884	1	2
94b225fe-3188-40e7-ad7b-45326140005e	0.51683803	0.34173295	2	1
c13e4ad4-6ceb-4087-9005-0cccee2d2b21	0.48365118	0.16048110	1	2
32ab2475-283a-4f7d-83e6-0897bb633aa0	0.53598250	0.26282443	1	1
7788c68b-f421-4754-99a5-265ab0993057	0.40418482	0.18789192	1	2
06f0d894-15f9-4831-b5c7-3326e20e5828	0.45261320	0.21807183	1	3
79d13e7f-1f2f-45ad-acce-07410ad42319	0.50706624	0.32983462	2	3
a772e03b-2217-4f0d-bf5b-9b9f96f5489f	0.50535641	0.23298416	1	3
151ced17-0209-485e-a36d-4348e5733c49	0.42164336	0.19956765	1	2
bc1b5c59-3ed7-400e-b6cf-cb257081b9cf	0.64793436	0.20657586	2	4
9b812eb0-fd08-4ca9-98ff-ab196438b6ae	0.54162352	0.24574941	1	2
7aae4149-10ab-4ac3-a465-842b5ccb98ec	0.43323148	0.29435751	1	2
ca096625-7f54-425d-91cd-5ced284eb6ed	0.48417670	0.27872774	1	2
aabf4933-eac3-47b9-8bce-6eb1ebe95347	0.56609625	0.31433657	1	2
47d0078f-ede7-4287-93eb-ab8899f173e8	0.57542938	0.30869840	2	3
2d9f2289-1cbf-4b93-85c0-e28c87584f10	0.34945745	0.28568530	1	2
81070d6a-83dc-4286-b79f-5048b4d088bd	0.42349434	0.23752278	1	3
d4cabeb6-40cc-4780-84f6-2415f618c802	0.49929408	0.25054053	1	1
9cc29e1b-2d77-47a4-b554-10bd5ba191dc	0.43206322	0.26570286	1	1
6bfc4368-3122-4337-a954-5242b7f6fe5a	0.54009806	0.30134779	1	2
366a19d3-7bce-4d2e-bc78-24ce965635fc	0.46317149	0.28207043	1	2
ade1e9db-680b-4aac-825b-d30151789504	0.65971396	0.26470784	1	3
5a1a4cd0-0927-4030-85dd-4e9ac6e5ee03	0.39144345	0.22726206	2	3
47f093d9-bdd8-46f2-b430-20d5cb56202d	0.50449079	0.29062336	1	1
e94ffbc7-6cf2-410b-aef7-9abc880b21e6	0.41124072	0.27958149	1	1
7739bcba-c83e-42d7-a22c-8304976a8074	0.44744337	0.20097976	1	3
ff8f859e-7b7a-4e26-927d-2437f9a58ec1	0.52301404	0.21347061	1	2
4bb2a69e-3029-497a-836f-70944067fcf6	0.49693491	0.34523719	1	2
2e6a64fb-7e68-44ce-b31b-7d195fe2fd05	0.42603519	0.28259502	1	2
3615e283-ed41-4ad4-81fb-3dcc5acf13a6	0.49609083	0.31426108	1	2
23342c3a-0ee5-414e-a2b6-ad5b25864d2c	0.56659380	0.21963782	2	3
ad96c5bb-be8c-45d8-bf1f-adc6edcfb094	0.39037034	0.31235020	1	3
d7e3d768-b433-4333-aa74-37263ab23de4	0.39529375	0.33472216	1	1
23ffdef0-880e-46de-999b-851edcde73b1	0.53414756	0.22878531	1	3
37448fd5-729c-4881-aa39-94bcf1fed1b8	0.39800362	0.25842455	1	2
d865b876-5370-4802-9a5e-db29424ccc89	0.47262967	0.16790279	1	2
4ef32d8d-cd4a-4b89-8420-a75daf84aba5	0.47620547	0.23818669	1	3
399b390f-d80f-46db-9ff9-70f5db51ab7e	0.51848585	0.36285356	2	2
0eaa4b64-ff52-4433-a952-c971c6552255	0.34679546	0.22647342	1	1
cf83a911-1e32-49c8-8c49-ee22ec8c539f	0.55955113	0.36440988	1	2
9ee779a5-3280-453c-8d9c-5b9c6039da3f	0.46979658	0.16265878	1	2
ca3f1de6-402e-4791-8ed3-2b4d258aec50	0.61716003	0.13736393	1	3
836aff8b-cad1-4af7-b71a-be77f7d5b395	0.44422492	0.18716177	1	2
6bc5c434-1ad3-4cd2-989a-c6df14386dc0	0.42477355	0.32530760	1	2
b03014b3-1dfe-4c82-8b87-ebed7d164af8	0.36724221	0.23940134	1	1
ce7f3f62-09d2-4af4-a982-880a04ba8552	0.38986426	0.25288267	1	3
61cf6fdb-5732-44fe-9e61-d6f6994053f5	0.41751193	0.28750319	1	1
ea4552f5-8b8c-439f-9f29-8388b1adb125	0.43753462	0.17162522	1	1
ec5cb370-c94e-48a6-97f5-1ade96ef0425	0.33597370	0.28989732	1	2
0305a5d7-af5d-4442-94aa-c7d6f1c4db2b	0.50165895	0.29248631	1	2
2def45cf-bac1-47a3-ae52-4fe2f639c8db	0.57225658	0.19268287	1	3
70b15f15-9367-4f78-9da6-800e8b2935da	0.56597667	0.19731498	2	3
59c57486-c38c-4142-8365-112420f75264	0.48082560	0.25312489	1	2
fc369e8f-5b8e-4b11-b4fd-40384f4f8947	0.57078819	0.27832386	2	3
6f887ae9-808a-49e7-a5a0-36a86f37349d	0.60520071	0.22893085	1	3
c0b34141-95a0-4403-98d2-6dff1b66acee	0.49203100	0.22278823	1	1
a647a975-c25d-44a4-aed2-95755839c78a	0.43415364	0.19990241	1	2
254e54b4-e468-4a12-9e22-a0e1d2968f8a	0.32639768	0.18863150	1	2
9a866182-2ee4-40ab-bd26-c839c5cf461c	0.46192942	0.29802566	1	3
465cd923-b9c5-4786-8120-aed804bf1542	0.45071200	0.28719595	1	2
f1cb1eeb-bb9c-4c22-85ca-e18bf031112a	0.45110391	0.25320421	1	1
846f951b-593a-4740-9a16-d85f61fcfead	0.49190113	0.31547372	1	2
da4c739f-d9fd-45c4-ab3b-da17e45acd11	0.47069994	0.25845518	1	2
d4552578-a314-452a-a15c-d6438acb51d1	0.49257843	0.27717105	1	3
e20f0a95-e901-4fe8-a64f-103ff0b3f6b1	0.56109762	0.19264796	1	3
456d4c80-7760-4f2e-93d6-193026845581	0.56112364	0.16155042	1	3
9a030866-8496-4a87-a2f6-73d6413b98d7	0.37217783	0.31170292	1	2
8afeac9b-d6ef-4c2e-a827-c6558d4b8c49	0.46432218	0.20679469	1	2
e59ad178-4866-47c3-a030-01eb2760e2c4	0.38636028	0.27056145	1	2
b39286ab-1176-4497-8b8c-0b164c5ff452	0.51742997	0.29916233	1	2
8e717d7e-0be8-4e70-940b-2a528bc34916	0.48756683	0.37273889	1	2
d54547d7-50c7-466f-a925-4bf5ed929065	0.43761650	0.24799632	1	1
228b39ac-31dc-44e6-8ef6-54583967ad1c	0.33746982	0.28269442	1	1
1174e15e-5a9f-4451-92a5-30695cde3147	0.32830499	0.24826938	1	1
e694e22c-821c-4856-847a-0a9998e06f78	0.36058913	0.26539311	1	1
464a9031-9e8c-498d-98f5-7226ff93cffb	0.45376070	0.29031629	1	1
080feaef-bd9f-4390-adc3-9b718f23a636	0.53123540	0.20512738	1	3
c42671b4-d9b5-44bb-aa88-a50cdef83326	0.55947135	0.29451785	1	2
f75479f0-5a56-4a80-ac53-17aed0c4f920	0.40625213	0.20071994	1	2
b789a6f5-10fb-4847-8377-5f3cda31ff11	0.41952698	0.22338486	1	3
9d06e1ae-645a-486c-9fc6-92d16a045c76	0.45138412	0.28199167	1	1
1e675e98-43da-4c12-8e5f-984bd77e1383	0.40046429	0.18584579	1	2
e1af7785-490a-4bb1-a54a-4586040a2476	0.38954605	0.19116505	1	2
8e3e8db2-9c5f-4a86-bd47-1b0c6f9a7d4e	0.38836991	0.17693330	1	2
f23931ad-7d07-419f-8995-5f6e2367cdd8	0.63819237	0.24950514	1	2
ae138837-c751-4938-8797-691ae3026d3b	0.50579396	0.22548884	1	1
76b5016b-dd64-46fc-adb9-0d07399a6826	0.56363261	0.32430865	1	3
6c428543-1444-45f7-b1a6-5823984d733a	0.58281758	0.26371161	1	2
7ec3f7d8-95e5-4d22-bd77-faedbe9ac810	0.38360440	0.30139559	1	2
2705c974-d125-4a17-85d7-b4fad189bc80	0.34524281	0.26859686	1	2
dfd8a6ed-cc5a-4d52-83be-55e3b5e13ec1	0.44449918	0.26635752	1	2
908210e6-d2ff-4446-825f-a3abe142573d	0.41002725	0.19602927	1	1
d8ccdb1f-fdd3-495e-ada1-c18f360bb8dc	0.55044398	0.34727584	1	3
b49eb126-bcf5-469a-9516-95b698e309de	0.50620681	0.23797166	1	3
26abf964-37fd-4ec2-b758-0fe97489386f	0.33797690	0.23650918	1	1
d9fe519a-4602-493a-82fe-70b935679633	0.37150496	0.24493063	1	2
98c4747f-5835-4676-9064-ab1ce3a9e686	0.47232716	0.28589968	1	1
2784acc4-72aa-4f3d-935e-914c499cd022	0.35757283	0.31917579	1	3
49fca29a-0cf4-4023-b1b7-23b2f6aab079	0.32672731	0.16394529	1	1
1b55cef1-ed6d-4b89-8fd0-1ec9e3dcc356	0.42961275	0.26135266	1	2
7dd398c3-63a1-41a6-bc69-11c5eb9f7036	0.44362592	0.33477586	1	2
bacd5a17-e80f-4106-93d5-d70e663669ce	0.40153659	0.20070121	1	1
50cfa83d-06a6-4dc6-8a80-0e18383635b2	0.32161557	0.22517346	1	1
be7cd031-7273-4536-9f28-2aeb6d7af401	0.45294427	0.31160810	1	2
bed09d2b-9132-41f1-b945-46c49eee4784	0.48883800	0.23830941	1	2
adb4cf60-f0fb-4159-a00d-32ced9989971	0.35103684	0.20292589	1	1
828a658b-dade-4604-8ffa-e63246fc578c	0.33884534	0.19369082	1	1
5b2d8ebf-744f-4473-9d74-0460659ca899	0.58803004	0.27021934	1	2
ebf1fee4-47c4-4919-9f56-7bba8469e11a	0.38261048	0.23473304	1	2
37ab4f6b-a4fb-49ae-8272-d41708e006c8	0.42510171	0.25161622	1	1
aad87028-3e37-431e-9e84-e4f7c8d1389d	0.35651596	0.28961794	1	1
5c5ef159-8bef-4689-ab87-749bd32874e3	0.63594593	0.24852007	2	2
bbb842d5-215d-4538-99a6-2258477aec18	0.50902374	0.37141743	1	3
1b300ab1-a006-424d-b268-8f6cfe05352a	0.40336313	0.26248599	1	2
3f06c10e-0aac-486a-a069-17d00d3de2fa	0.38177840	0.31946208	1	2
2f18f1bb-3f68-4b51-ab7e-c105089afd97	0.54201131	0.27219191	1	3
ad559bf1-aaa7-4689-a7a4-aa55fd619b0a	0.37303225	0.26788262	1	2
2046d6fa-400e-4a48-b68d-e1913ad5fe03	0.44637163	0.23460792	1	1
c61f7b48-b25a-46f2-a0a0-2a2179e399d0	0.42300007	0.27879058	1	2
657bf6f6-ccab-4574-9a83-6c4e7e159d93	0.39578902	0.21195691	1	1
bb4a7a3f-1d9a-425c-bbd7-9b08e59e5c43	0.44145692	0.28113908	1	1
36828ad5-bcdc-41ee-8918-a8387899389c	0.35903579	0.31676797	1	1
9401d4d2-e67d-45f1-a965-e39f80d21a99	0.42377668	0.21907640	1	3
7c1c6f64-532f-4772-bfe3-d810bcc1c994	0.43330285	0.34880755	1	2
e9bc4711-0de4-41b5-bc83-ef2e279de857	0.53393381	0.31409602	1	1
10519bff-1f23-4f07-829e-5ea1b7f4ea84	0.53784878	0.27818567	1	1
98a6431a-02f1-4abf-8f77-40b6e1a16513	0.37153972	0.24922581	1	1
de13dd76-d7b9-4590-8d64-29aad405144c	0.46684445	0.21100819	1	2
ccfc95e1-9f86-4c0a-93c8-202a26677561	0.40107862	0.22489251	1	2
6a6ba8a2-9b06-4288-be5b-d7bc5d356390	0.32613945	0.26566597	1	2
a5561308-53d3-4ed4-bf9a-947b732462e4	0.38478337	0.32054273	1	1
5cd6f4c6-1721-4ac4-948c-33c06ebbb091	0.39780978	0.19115932	1	3
453a7dea-2fad-4561-8bff-81bbf9de7a96	0.41288708	0.25584203	1	1
6d6c06d9-b9aa-47c8-8c40-de92df0a6c5b	0.61020598	0.23324353	1	3
05e5eb97-4a7a-48fa-a0ba-2864cca23d77	0.48862717	0.25151951	1	1
b3d2c2c9-be8a-4a86-aa22-ee8d49b04f9e	0.44130988	0.32015524	1	1
94ba3a91-77c8-46e4-8572-fcfebfe93044	0.41288341	0.26216067	1	3
641a0984-b03b-4674-97e6-b3d8794182d0	0.31747559	0.22522627	1	1
853b2c23-df18-4226-9474-47299b11cd9f	0.58530677	0.22643086	1	2
7820c891-bae9-4c4d-b200-07739b612223	0.41495607	0.29116721	1	1
cfa6cf0e-48f3-42f6-94dc-54d94fa4d775	0.43362623	0.29920664	1	2
22b29771-b969-4f84-923e-9790f373ee3c	0.51051221	0.29818533	1	2
dbd7d412-aed9-4552-9fdd-72a696358b42	0.42755332	0.28405947	1	1
a0796d6a-f0ea-430f-8318-bdafd98cc2e8	0.65133151	0.22793361	1	1
11f746e8-2b2d-4644-818c-79589f897b7f	0.40842256	0.27505023	1	2
47b3470e-7785-4589-9e49-7f9367a3cc27	0.37387991	0.23290523	1	1
64741c0e-f7bc-48e8-b4e5-5479e2994684	0.69840403	0.30476244	2	2
0ad263c7-c78f-4a2f-abba-ef293fda445b	0.42562914	0.31193147	1	1
23ba4d55-39a0-4e61-b257-c6291328b77f	0.45718457	0.28407304	1	1
bbb7720c-7754-45dd-b9ab-9512b248ef28	0.61847966	0.23940812	1	3
9ce8ec7a-e8ad-4aa5-81bd-bdff86952cb6	0.51157832	0.28374850	1	2
7be49eb3-f519-48cb-a301-15b3f274e457	0.42760277	0.18072092	1	1
a9079bd8-33e5-4112-993c-c57a8838d454	0.49969095	0.34047606	2	1
2617fd33-18a5-4ac2-b982-9f13081b639b	0.35338917	0.23530797	1	2
bee47c76-3b49-4a2d-acbe-63a35bd6f9aa	0.38872333	0.26082912	1	1
738906dc-3541-4a97-80ec-3dc6ce8bae47	0.38002661	0.29834196	1	1
654c6b64-a874-4a3d-bf1d-acb99fef7398	0.35463168	0.26927203	1	1
4297a0fd-598b-4cfd-83f6-f2a9882a1776	0.41552937	0.29089879	1	1
12aeee6c-355a-4f6f-b2b8-a7cc75d73704	0.57138149	0.10514839	1	2
3c5b0165-395c-4584-855b-e18c9f8e3dd1	0.36603191	0.27003870	1	1
d2bec334-f91a-4b09-9092-5ac038463cf1	0.41907283	0.27189969	1	1
3e024262-c460-4fca-a28b-49bc1ac7792f	0.37552841	0.30925108	1	1
47073aa4-6906-4535-8399-703b4b5c8ab7	0.36895356	0.26962501	1	1
2f98aaa8-61ee-4898-8dcb-6746f1f5283b	0.30991198	0.23693155	1	1
af2adf62-b2cd-41e6-9468-3e8bca73633f	0.39467703	0.22124255	1	1
9f13d4f0-4907-4b97-8462-d829b8a1d642	0.40626338	0.27600804	1	3
61c8495e-d650-4413-a500-b21f32648179	0.47539409	0.23484877	1	1
b2587153-5079-4b59-8cd1-8105ebf826d0	0.33033766	0.26881609	1	1
ddf6514b-e00f-4b7b-9e27-dcc39e00811f	0.39358991	0.29703619	1	1
f681fc4d-ac1b-494f-8648-2ef477c1ccb5	0.50179565	0.30763826	1	1
c64343cb-4624-46a8-ae39-7838026534db	0.42470334	0.32331994	1	1
1b20f324-f89c-4e4f-a257-9b22cab6f98f	0.30361140	0.28196901	1	1
f23f6e0b-0515-4531-b498-767b746aa32e	0.34847781	0.27777736	1	1
85f5e943-fdbc-4b58-9d46-1e831e427bde	0.42883871	0.27807393	1	1
dbc4735a-e862-471f-9521-11378c343123	0.33711820	0.09492000	1	1
bfec821b-54a1-4f24-a681-c0ccdf66bb8d	0.37868704	0.25155463	1	1
767023c1-45ee-4050-b3ea-c5d1f991cca5	0.41263459	0.20642868	1	2
5723c26f-5b69-4f38-a313-387e629e14b5	0.29341254	0.24737120	1	1
6de031cb-e798-4958-99cc-fe60a5eec610	0.42697631	0.27167289	1	1
522d8c96-dbe3-45fb-ab53-a984834ea1c8	0.32468403	0.28788525	1	1
acbe2cd9-64da-4b41-9ee0-551be066cc50	0.54724808	0.28494495	1	2
10996cb3-af10-4c10-bd13-c66c6573b44c	0.32988816	0.26813111	1	1
15594945-9ef6-4f83-952a-ed2f419bb8d7	0.32251311	0.21030427	1	2
3728a43d-9519-4ee7-a157-5ca24f598a48	0.39472198	0.25902283	1	1
94cd5436-1936-4eff-9bc2-7a0f34d69144	0.28765927	0.25577677	1	1
87db0394-67db-4e8e-9343-825bc54b6368	0.40768217	0.32766341	1	1
c42b90c2-610b-41da-971d-069bf3c2718a	0.48724300	0.28865143	1	1
8f54d5ca-f0ef-4044-abad-9e78e2248985	0.44946080	0.22657070	1	1
8aaee9d6-3df3-4ec1-8207-721cafac0b3f	0.42933690	0.30359452	1	1
6113c912-5a67-43a7-a67a-f95bd78b2374	0.53784863	0.31208291	1	1
b61e8eed-e299-44a0-ae9b-984e64b92b98	0.40040988	0.23959281	1	1
7ca0b63c-4fe1-4fea-ae79-cd0705932443	0.62657758	0.29115775	1	1
4b28c057-8aeb-4d75-8649-9a7181908f88	0.39092297	0.34215779	1	1
ee151fdc-f979-43cd-960d-7f30c9170bca	0.33059009	0.26019589	1	1
f3e7d964-bbc9-486c-af46-9222b52823f1	0.31025599	0.27967655	1	1
d1f13cc9-26e2-4022-9473-8e76edf40ff6	0.38366459	0.26234087	1	2
043aa2ae-c839-402b-b498-0d77baf6bf7b	0.52458611	0.28771970	1	2
acf690c2-484a-4d33-b715-2b83b255440f	0.53715542	0.24642611	1	2
cb1acbb6-80e9-4f39-b5c2-4e9b6216f8db	0.48953061	0.22597938	1	2
5a62ed6f-bbf4-4c79-b72d-e8bc1bd0f98a	0.66841711	0.24059296	2	4
70685f00-b3ef-4e8a-8ee4-191aad73279b	0.41265214	0.23188224	1	3
26e1e9cd-3ca2-4dde-9bc3-0b31e3a56b42	0.48269731	0.24307066	1	1
90425f9d-4172-44af-b2c5-4a29b8fd7ecf	0.39801108	0.29059972	1	2
ee5e0d15-ba76-478a-a5ca-dbe981534eab	0.57183141	0.21942397	1	1
7843036c-e6c6-4b5d-8594-b934de60a5c6	0.46516381	0.23865359	1	1
5173199d-3197-47b0-835f-6b4bc6282d84	0.36228249	0.24998931	1	2
bd1382b8-3a75-42e6-92e2-fd06318889d9	0.44858004	0.22544214	1	1
f2da6d0d-e770-4ac2-a24d-7953f85ca3f2	0.36173977	0.25728927	1	2
43ec1447-2197-4682-a121-1b3ca38fc6b3	0.52419587	0.22497821	1	2
27bf56ea-c65b-4412-91ee-b02850c9ebb9	0.51964926	0.26382365	1	2
56b7e113-9ffc-47f9-a815-b7084c0ce2a5	0.36495881	0.28898708	1	1
41fcf6be-c2c3-4876-a08f-62100b08f9d5	0.41079768	0.18391797	1	2
e80cca63-32a7-48cc-80b6-7ddae374003e	0.59425469	0.26933640	1	2
ce89d300-3e14-45f9-9fa8-0e98a2c71274	0.39936565	0.23574935	1	3
a0353b17-e9a0-4098-9b9f-48dc28a54399	0.41650685	0.20169603	1	1
7c7076d6-af3d-40ee-af88-5a1246799445	0.48540927	0.29782306	1	2
6c45939d-d79f-4af6-9c27-7dceec61d221	0.37892156	0.20778535	1	2
defe1019-c27c-4d51-9cc5-aafcf9876618	0.48303013	0.25828170	1	3
daea66e2-6f04-4eaf-825a-e04f0cc2b54a	0.42047125	0.25991786	1	2
6cd13fac-a808-4798-a5e7-5cd61519ea16	0.26964893	0.24385350	1	1
1de8de11-5234-48f6-a392-3d70618845bd	0.29132186	0.14037284	1	1
137b1fbc-b566-4304-a71a-7ca7d93b24bc	0.27270348	0.18612931	1	1
d0a84632-eb21-44dc-baee-b7e1b367df49	0.41321012	0.20802716	1	1
226295ed-8c66-4dfd-a220-3af461d70f9d	0.44351352	0.28862433	1	1
17d4b605-05d7-46ea-b3f4-14a7fcfca5f3	0.44647509	0.29903252	1	1
9fa3ba2e-7663-42e2-b3ff-aaa5f84dbee5	0.45971359	0.26598074	1	1
73f505a5-1e73-481f-abdf-b1d9515e5ecf	0.54185756	0.28607517	1	3
083838fd-4994-4c54-a46a-df42445295ef	0.41542705	0.26565864	1	1
e338ab9b-7c2a-4ebd-8fb2-3108bccc701a	0.41841549	0.29880727	1	1
c747f680-0680-4abf-bca1-5cc285c5bd4c	0.44102731	0.30143604	1	1
6f3cd075-37a0-4be5-a319-5db11e5a1b28	0.47547583	0.24286783	1	2
51893443-c1e7-43b3-8713-23dffe7f35da	0.40876758	0.20141651	1	1
be850d7e-e808-4b9f-8a56-466a2b5998a0	0.38065528	0.29422354	1	2
38758f23-8c84-43e5-bfb4-2c25d581a543	0.37548019	0.24714805	1	1
54f4c169-48c6-4df8-8eac-ab0d0810be5c	0.37737575	0.31049157	1	1
df374199-d1c5-43fe-88e0-e329ab00cf58	0.42472706	0.27516866	1	1
380b9ca1-76cb-43db-8f0d-df98255dfec7	0.36171258	0.24655563	1	1
d8501961-5fbb-4e58-b2a5-71e29ba5517e	0.37544865	0.37601801	1	1
b1cbfb83-fe37-474b-91ab-442756b978f2	0.45608972	0.23037440	1	2
423b926f-3ccb-4980-b0db-3120437ab9be	0.41591468	0.17659756	1	1
e1cf9e04-ec00-41b6-9b71-1d0de9cc6472	0.36802740	0.19770639	1	2
22ce7e0c-22d2-41b7-9507-32a56b1a6bfd	0.46560472	0.30129962	1	2
32fcb696-7b9e-4fbe-9430-0ca15e027fc5	0.28508247	0.20552757	1	1
5806d731-e3c1-446c-9ecf-cbebb6a514cf	0.32610945	0.26378978	1	1
c2d599d4-8f91-464d-92c6-0af5214c369e	0.35776652	0.21255939	1	1
5201a0fa-aa2b-410d-b16e-4ab46fa12107	0.38338478	0.28526239	1	2
96fbafdc-1bef-46f6-b009-7248c756edbc	0.31523752	0.15303197	1	1
9e31bad3-9eed-4276-b339-f3428c211f33	0.32393248	0.30236437	1	2
c4bb3b44-1935-4431-a92c-42225af71fc9	0.43798784	0.22643506	1	1
657c65d4-748a-47b4-8e06-0e92c919113a	0.48529299	0.28644540	1	3
02916eed-8776-42aa-a390-97349cde62ba	0.41660407	0.23308657	1	1
f09cf2f4-9e2f-49b5-9b5b-7a3a15055066	0.33054113	0.31590766	1	1
e745771a-ba51-438b-b44c-a7cf0e48caae	0.44866128	0.30731086	1	2
2fd5ca9e-304d-4a2a-8f69-15fc21efd50b	0.34944642	0.30783527	1	1
27f04500-ae9d-4cc9-a65a-9efe8f11bb46	0.29024249	0.29393917	1	1
142ef4dc-9931-4448-be82-e509048496f7	0.31724002	0.36250321	1	1
6aaefe89-8ada-48a1-a336-04c85f6df1d1	0.51468589	0.30663211	2	1
9a305660-e299-4e49-8c2d-08e9f24df17c	0.47416197	0.20843763	1	1
c7bcb196-f3c7-4d76-a8ad-87320e2acdd3	0.27949749	0.26814385	1	1
f4e6b3bb-4ac0-4ad6-8f4f-635cef4343d4	0.67972520	0.28906086	2	2
ec1af9ff-5e84-47a6-baef-0f0c93d862c0	0.50221453	0.26352855	1	1
6f10cd22-8780-4d72-8ee0-8a9e8aef5b89	0.34516116	0.19388351	1	1
6c4fcaff-f7a9-4329-bbaf-efe3c6f9f8d8	0.27398896	0.21811848	1	1
166d81a3-2296-47a9-b768-3b614b41e5c7	0.27402365	0.14887558	1	2
e9a7b312-ef42-43bc-848e-d920bd1715cc	0.46744357	0.24832250	1	2
06cf515c-6eb8-43a0-9105-534febedc0db	0.49344277	0.26297808	1	2
c2f53a9c-5189-43fa-a382-e91212f1b9be	0.34228028	0.27195538	1	2
b2a527d1-4eef-40b6-926c-8ee6aa9143d5	0.49425908	0.23709441	1	1
bcdd34ec-6908-49db-9afc-6943f2b5f087	0.54035591	0.17810785	1	2
3ef4c14b-f36a-4b42-af31-0fb7cfe6b497	0.46480827	0.19036001	1	1
c7ecd585-6163-47d8-a404-2cb4266ee103	0.58474936	0.20878765	1	1
7d63d494-14a6-48bc-bdfa-a45a38028d04	0.41188611	0.29267453	1	1
5171b337-b912-491b-9477-e4851fc272f2	0.28225406	0.33764061	1	1
1befb9e4-5230-4755-8b05-f5489f856fc3	0.43279669	0.25178244	1	1
3125c586-aa95-469e-9539-b3409408320f	0.24359698	0.17245850	1	1
05af3668-de94-43a6-b11a-123990689294	0.48002806	0.24237692	1	1
8c3c1576-0f98-4670-8e82-0632e8c62f5f	0.28561343	0.33041447	1	1
51ce9a63-6933-4794-b259-32f0b96fb413	0.49638155	0.29054169	1	2
41b00edc-082d-4a36-bdc6-470558a272d9	0.59803569	0.18638594	1	2
5ebcdb36-dad6-4e88-91ce-13c9471bec99	0.39284754	0.20654298	1	2
01f4bd63-3ca6-4e46-bd32-dc16bf3b063a	0.33576439	0.19295470	1	1
907b8cf4-e6b4-4864-9941-0187d4a61d7a	0.53008097	0.25390434	1	1
d3bd8915-1590-418d-9ce3-766de2acb5d5	0.33467506	0.25099670	1	1
d3b8257e-c819-4d76-8d5c-fb8fb0dcd830	0.37516753	0.34991671	1	1
92c308ff-7561-4dec-9f08-98f47d1651bf	0.55908730	0.27148022	1	1
57e3d73b-ece4-450b-8512-98c9a3a95e64	0.51550034	0.24990434	1	1
d6264697-de10-4051-8e14-21d7b3fc2fc4	0.37765250	0.29285870	1	2
d5f93213-d9dc-4685-982b-6c5233e57518	0.35792020	0.20643840	1	1
4c7ae6dd-f8bc-4a20-85af-5a0a0fcdd619	0.52005454	0.32687300	1	1
556f0e94-fc85-4de2-ad60-457d716a8b89	0.41753608	0.23724428	1	1
f79d3e3c-0fd3-4e6e-81da-5fc37e7dce1a	0.46780162	0.33600572	1	1
06130925-619c-4f00-afc2-d35bbdeeb558	0.37894990	0.30946136	1	1
28a1a721-6114-4f45-9721-85577e4f3732	0.38178473	0.27817290	1	2
97246761-68ec-4741-96b7-3f9414ac9721	0.39755786	0.17634206	1	1
d2e90884-05cc-47ab-bbb5-381e9d94e9eb	0.47405976	0.23832986	1	1
87b2b40a-02f2-45b1-8635-26516b4a136f	0.39952028	0.28129020	1	2
9c4b7690-c520-4d42-b35f-ba55e78cd295	0.36186223	0.27902150	1	1
ce28466a-f508-4d12-b224-4e7ce3ac0e57	0.49969344	0.36918810	1	1
f2184640-b9be-40b8-ab9c-ae0456d0373f	0.55665286	0.28632986	1	2
ab796739-cae1-40d8-a472-db85655ec3b1	0.54556531	0.19512252	1	3
e6362d3f-2fc3-434d-a5cb-9ecc55ac7707	0.27835917	0.22136200	1	1
28eede18-edaa-4422-bd1a-55c6fc771fb6	0.32352586	0.23648869	1	1
ea28b23b-a861-47e5-9249-184b737f559a	0.46299312	0.34490934	1	1
b72b2520-dc7e-41af-89c9-04d4a99ddcb2	0.48956926	0.30473628	1	1
07e85e1d-0690-4221-820e-fe483d283a38	0.33088380	0.27482508	1	1
e9480dd0-f6b5-4906-8775-836f8b94ec96	0.26825822	0.15135917	1	1
350edb96-92da-4393-845b-3770e73c446e	0.31189709	0.16367560	1	1
2c95f209-a7c9-4bc3-9149-1c725b0c5010	0.39065042	0.16836267	1	1
196f043c-de25-4723-9ce9-6d29cc335033	0.57566612	0.20803113	1	2
821a90d2-2fad-41c8-b8c7-47ab787def10	0.38255011	0.29136661	1	1
d7bd0b87-8786-4bc5-82fc-614f74892ae2	0.49743781	0.25562335	1	1
f55d5d02-67bf-42bb-8efc-aaa0a76a2e8c	0.49973964	0.30128188	1	1
67793579-24e1-4318-87aa-ad053a3b1808	0.36806468	0.24195497	1	1
02a3692d-f291-49c0-b9f8-5db1d2acb542	0.41553496	0.34724578	1	2
b0835975-cdcf-4c17-84eb-a230ddce2afd	0.44767273	0.31298928	1	2
d38673f6-f547-4c0f-b482-956e33cf5257	0.41529061	0.34671590	1	1
8491c8be-d9e3-4e35-a588-2ce007275a16	0.36243220	0.30309029	1	1
4c17ac2c-00b3-46d3-9198-1d4078ec4703	0.33150021	0.24134191	1	1
ad549b15-d9b3-4fe0-ba8a-750e42a5c138	0.37021205	0.12071267	1	1
f58458a5-0f3e-4b1a-91a2-a41fe6cb8ac9	0.37467095	0.24351047	1	1
15319ddf-eea2-403e-9bf0-608d4ed6536d	0.34578415	0.25921039	1	1
c97207de-a9a6-418c-97c9-6f8700ef5b7f	0.37892289	0.24532430	1	1
72d08f9a-620e-4e26-a75f-dfb4b8ea0ccb	0.41415500	0.21782464	1	1
2d3075ca-9686-4fad-9779-586557299859	0.65717242	0.24613373	1	1
0837c1b8-65de-4c27-97dd-c9b74e72d6bd	0.45045977	0.30425226	2	1
4f6159e2-a297-4558-a6c9-b3715474ea9a	0.44076740	0.18279026	1	1
80bb831e-d4da-4cfc-b9cd-805913a27432	0.43177616	0.21491388	1	1
0b031b4e-c16b-43a5-b1d5-1c92ce4f40fd	0.23928257	0.28435450	1	1
250f6d36-1da9-4867-8fb2-b782204eb85e	0.31627297	0.19587355	1	1
07690553-165d-4cb9-95bc-3f624f721f20	0.40168639	0.25845517	1	2
5ab07997-2401-4aea-93d4-2a59dbc6ac6a	0.44220099	0.26777598	1	2
8ccd8d07-67c2-4f6f-bacf-3ee8154ee1da	0.42822926	0.33590940	1	2
87da0611-f7d9-452e-8247-d8f10535e670	0.38168117	0.26069256	1	1
5cfed80c-032c-46b4-a4bc-8da9a3b8e194	0.45415056	0.29858839	1	1
60a49443-6815-43f7-b253-4708ff1b03ff	0.31465420	0.26745503	1	1
2bd269c6-3ed0-41e1-91db-e47530b18b73	0.27549833	0.12179173	1	1
86fa42e5-986a-4231-9807-cc2f8352be99	0.29242726	0.28205255	1	1
9ddc946b-1baf-416b-b28a-0729dd68f1e3	0.45590078	0.30027658	1	2
7f713316-61b8-4480-ba11-069b29ed6e38	0.37038196	0.30931570	1	1
39ff2fe3-e620-4c0f-8cb2-6d92548233e4	0.37532788	0.34042743	1	1
ec75fb13-4fb1-4bae-b06d-606e5721afec	0.46849809	0.29871878	1	2
ae0f477a-5e0f-4d1e-9168-7ac5229a20c0	0.39626904	0.24699380	1	1
99ff3775-6744-4a4c-b301-3d0eb4db54d6	0.58323392	0.27443624	1	2
2364a591-337b-495f-a03f-42d39e053294	0.28761992	0.27622319	1	1
f9fd50ff-1e3b-4334-b970-c572fce9d7f3	0.48417523	0.22678741	1	1
b1d200a8-cbf4-4927-9a4d-705bc65aef06	0.28829962	0.19188626	1	1
c060a167-5248-40a9-b9fe-d28c5d138bf3	0.55984293	0.29338580	1	2
14d6ae72-f82b-4d69-a155-9b752101c290	0.45821634	0.21102153	1	1
f2a5f434-f947-415d-8050-69d975c6ae30	0.48853175	0.29076945	1	1
a30668c5-7846-45cf-9e1d-6cab4244dbdf	0.70148153	0.22891170	1	3
c206469c-096d-4ae4-abfa-af3d4875e0bf	0.41138413	0.25015521	1	1
a5e0eccb-7e57-4ccf-ad3a-21421dee05d6	0.47761404	0.20134665	1	1
c292c2cf-7195-455e-95d3-03bb1c49bff3	0.59268678	0.22731616	1	1
8245eb1c-d6a2-4aa5-bbcf-48ffc04c09ac	0.41574349	0.24211101	1	1
ca73300a-95ae-40a3-97b5-cf39546edc65	0.42587840	0.29474286	1	1
e5315f08-78a3-4fee-a237-457b8b213dd7	0.48531706	0.33060936	1	1
ef3c9a02-9ed1-44a4-b5ac-fd59d957201c	0.63831647	0.26000156	1	1
bda7d9fd-b654-4cb1-b34e-37bb4fb6ddd6	0.49257281	0.25019810	1	2
d8151ff8-ea7d-4424-a123-a71ace1b245f	0.40530829	0.22931154	1	1
2d136f90-f619-44d5-9a2e-e368a9cde4cf	0.54404906	0.23981708	1	1
9927ce95-e7ab-46d9-999f-8159f6c5e2ef	0.55170108	0.27555114	1	2
4dcb9207-c98f-4eb5-97b3-59271930b528	0.31267715	0.27492537	1	2
7a41c40f-1869-404b-9bdd-0d255b09da96	0.40846921	0.31070875	1	1
fda96932-d973-48be-83f0-8b44145658ec	0.55718081	0.27006524	1	2
69d0eebc-3fbe-4fa6-86bb-5dcb1e22108b	0.36992446	0.27120763	1	1
6603abdf-7ca4-4a51-9d1c-1c292ae1d8e5	0.46938568	0.36902503	1	1
701f0725-d485-4419-a3d4-70a15514618f	0.37320936	0.16342629	1	1
6d7b566c-ba48-4446-b5a3-d2a8552b8a69	0.37614805	0.21330671	1	1
8c9fcb1b-ddfc-472d-a7fc-7a7e9e4679e0	0.57507846	0.25387613	1	1
cedac24e-6a11-4898-9da5-20b07bc4868f	0.56305117	0.26215461	1	1
185ccc77-5b92-4d3f-9e4a-fae70c902344	0.47260453	0.39756389	1	1
ed04839e-5da0-4568-9135-7b49c3912773	0.52390853	0.35935311	1	1
65f670eb-14df-49f1-9c98-97815eb61fc9	0.53118966	0.25862060	1	1
c1b3b2a9-fcde-47ed-a925-498202b2fbea	0.48475070	0.24663940	1	1
546257d1-ad36-466f-a9aa-32382058c357	0.73862117	0.21761235	1	1